(kicad_pcb (version 20171130) (host pcbnew "(5.0.0)")

  (general
    (thickness 1.6)
    (drawings 14)
    (tracks 471)
    (zones 0)
    (modules 35)
    (nets 56)
  )

  (page A4)
  (layers
    (0 F.Cu signal)
    (31 B.Cu signal)
    (32 B.Adhes user)
    (33 F.Adhes user)
    (34 B.Paste user)
    (35 F.Paste user)
    (36 B.SilkS user)
    (37 F.SilkS user)
    (38 B.Mask user)
    (39 F.Mask user)
    (40 Dwgs.User user hide)
    (41 Cmts.User user)
    (42 Eco1.User user)
    (43 Eco2.User user)
    (44 Edge.Cuts user)
    (45 Margin user)
    (46 B.CrtYd user)
    (47 F.CrtYd user hide)
    (48 B.Fab user)
    (49 F.Fab user)
  )

  (setup
    (last_trace_width 0.2)
    (trace_clearance 0.15)
    (zone_clearance 0.2)
    (zone_45_only no)
    (trace_min 0.2)
    (segment_width 0.15)
    (edge_width 0.15)
    (via_size 0.8)
    (via_drill 0.4)
    (via_min_size 0.4)
    (via_min_drill 0.3)
    (uvia_size 0.3)
    (uvia_drill 0.1)
    (uvias_allowed no)
    (uvia_min_size 0.2)
    (uvia_min_drill 0.1)
    (pcb_text_width 0.3)
    (pcb_text_size 1.5 1.5)
    (mod_edge_width 0.15)
    (mod_text_size 1 1)
    (mod_text_width 0.15)
    (pad_size 0.25 0.7)
    (pad_drill 0)
    (pad_to_mask_clearance 0.2)
    (aux_axis_origin 34 -26.25)
    (grid_origin 34 -26.25)
    (visible_elements 7EFFFFFF)
    (pcbplotparams
      (layerselection 0x010fc_ffffffff)
      (usegerberextensions true)
      (usegerberattributes false)
      (usegerberadvancedattributes false)
      (creategerberjobfile false)
      (excludeedgelayer true)
      (linewidth 0.100000)
      (plotframeref false)
      (viasonmask false)
      (mode 1)
      (useauxorigin true)
      (hpglpennumber 1)
      (hpglpenspeed 20)
      (hpglpendiameter 15.000000)
      (psnegative false)
      (psa4output false)
      (plotreference true)
      (plotvalue true)
      (plotinvisibletext false)
      (padsonsilk false)
      (subtractmaskfromsilk false)
      (outputformat 1)
      (mirror false)
      (drillshape 0)
      (scaleselection 1)
      (outputdirectory "Gerber"))
  )

  (net 0 "")
  (net 1 GND)
  (net 2 +5V)
  (net 3 /SDA)
  (net 4 /SCL)
  (net 5 +3V3)
  (net 6 /I2C1_SDA)
  (net 7 /I2C1_SCL)
  (net 8 /TXD)
  (net 9 /RXD)
  (net 10 /IOB7A)
  (net 11 /IOB10A)
  (net 12 /IOB10B)
  (net 13 /IOB11B)
  (net 14 /TDO)
  (net 15 /TMS)
  (net 16 /TDI)
  (net 17 /TCK)
  (net 18 "Net-(J8-Pad18)")
  (net 19 /HDMI_CK_N)
  (net 20 /HDMI_CK_P)
  (net 21 /HDMI_D0_N)
  (net 22 /HDMI_D0_P)
  (net 23 /HDMI_D1_N)
  (net 24 /HDMI_D1_P)
  (net 25 /HDMI_D2_N)
  (net 26 /HDMI_D2_P)
  (net 27 /IOB16A)
  (net 28 /IOB16B)
  (net 29 /CH552_TX0)
  (net 30 /CH552_RX0)
  (net 31 /B4)
  (net 32 /B3)
  (net 33 /B2)
  (net 34 /B1)
  (net 35 /B0)
  (net 36 /G5)
  (net 37 /G4)
  (net 38 /G3)
  (net 39 /VBANK0_3)
  (net 40 /GCLK0)
  (net 41 /GPIO17)
  (net 42 /GPIO18)
  (net 43 /GPIO27)
  (net 44 /GPIO22)
  (net 45 /GPIO23)
  (net 46 /GPIO24)
  (net 47 /GPIO25)
  (net 48 /CE1)
  (net 49 /I2C0_SDA)
  (net 50 /I2C0_SCL)
  (net 51 /GCLK1)
  (net 52 /GCLK2)
  (net 53 /PWM0)
  (net 54 /PWM1)
  (net 55 /GPIO26)

  (net_class Default "これは標準のネット クラスです。"
    (clearance 0.15)
    (trace_width 0.2)
    (via_dia 0.8)
    (via_drill 0.4)
    (uvia_dia 0.3)
    (uvia_drill 0.1)
    (diff_pair_gap 0.15)
    (diff_pair_width 0.2)
    (add_net +3V3)
    (add_net +5V)
    (add_net /B0)
    (add_net /B1)
    (add_net /B2)
    (add_net /B3)
    (add_net /B4)
    (add_net /CE1)
    (add_net /CH552_RX0)
    (add_net /CH552_TX0)
    (add_net /G3)
    (add_net /G4)
    (add_net /G5)
    (add_net /GCLK0)
    (add_net /GCLK1)
    (add_net /GCLK2)
    (add_net /GPIO17)
    (add_net /GPIO18)
    (add_net /GPIO22)
    (add_net /GPIO23)
    (add_net /GPIO24)
    (add_net /GPIO25)
    (add_net /GPIO26)
    (add_net /GPIO27)
    (add_net /HDMI_CK_N)
    (add_net /HDMI_CK_P)
    (add_net /HDMI_D0_N)
    (add_net /HDMI_D0_P)
    (add_net /HDMI_D1_N)
    (add_net /HDMI_D1_P)
    (add_net /HDMI_D2_N)
    (add_net /HDMI_D2_P)
    (add_net /I2C0_SCL)
    (add_net /I2C0_SDA)
    (add_net /I2C1_SCL)
    (add_net /I2C1_SDA)
    (add_net /IOB10A)
    (add_net /IOB10B)
    (add_net /IOB11B)
    (add_net /IOB16A)
    (add_net /IOB16B)
    (add_net /IOB7A)
    (add_net /PWM0)
    (add_net /PWM1)
    (add_net /RXD)
    (add_net /SCL)
    (add_net /SDA)
    (add_net /TCK)
    (add_net /TDI)
    (add_net /TDO)
    (add_net /TMS)
    (add_net /TXD)
    (add_net /VBANK0_3)
    (add_net GND)
    (add_net "Net-(J8-Pad18)")
  )

  (net_class POWER ""
    (clearance 0.2)
    (trace_width 0.8)
    (via_dia 0.8)
    (via_drill 0.4)
    (uvia_dia 0.3)
    (uvia_drill 0.1)
    (diff_pair_gap 0.15)
    (diff_pair_width 0.2)
  )

  (net_class TMDS ""
    (clearance 0.15)
    (trace_width 0.2)
    (via_dia 0.8)
    (via_drill 0.4)
    (uvia_dia 0.3)
    (uvia_drill 0.1)
    (diff_pair_gap 0.15)
    (diff_pair_width 0.2)
  )

  (net_class TMDS_FPGA ""
    (clearance 0.15)
    (trace_width 0.2)
    (via_dia 0.8)
    (via_drill 0.4)
    (uvia_dia 0.3)
    (uvia_drill 0.1)
    (diff_pair_gap 0.15)
    (diff_pair_width 0.2)
  )

  (net_class UIM ""
    (clearance 0.15)
    (trace_width 0.3)
    (via_dia 0.8)
    (via_drill 0.4)
    (uvia_dia 0.3)
    (uvia_drill 0.1)
    (diff_pair_gap 0.15)
    (diff_pair_width 0.22)
  )

  (module local:logo (layer B.Cu) (tedit 5ECD4FBD) (tstamp 5EE9A780)
    (at 30.4 13.85 180)
    (path /5F9633DA)
    (fp_text reference LOGO1 (at 0.2 0 180) (layer B.SilkS) hide
      (effects (font (size 1.524 1.524) (thickness 0.3)) (justify mirror))
    )
    (fp_text value Logo_Open_Hardware_Small (at 0.75 0 180) (layer B.SilkS) hide
      (effects (font (size 1.524 1.524) (thickness 0.3)) (justify mirror))
    )
    (fp_poly (pts (xy 0.447208 -0.520011) (xy 0.543941 -0.557204) (xy 0.62901 -0.618331) (xy 0.662591 -0.658298)
      (xy 0.688795 -0.721283) (xy 0.680807 -0.787618) (xy 0.634837 -0.865844) (xy 0.547095 -0.964499)
      (xy 0.510551 -1.000828) (xy 0.439543 -1.073708) (xy 0.388192 -1.133387) (xy 0.366975 -1.167624)
      (xy 0.366889 -1.168675) (xy 0.385777 -1.197315) (xy 0.437916 -1.258262) (xy 0.516521 -1.344035)
      (xy 0.614808 -1.447153) (xy 0.679222 -1.513038) (xy 0.991554 -1.829605) (xy 0.982611 -2.310677)
      (xy 0.973667 -2.791748) (xy 0.847846 -2.919874) (xy 0.722026 -3.048) (xy 0.490061 -3.048)
      (xy 0.374067 -3.046697) (xy 0.299979 -3.040309) (xy 0.253278 -3.025118) (xy 0.219444 -2.997407)
      (xy 0.199604 -2.973639) (xy 0.158846 -2.908353) (xy 0.141135 -2.853292) (xy 0.141111 -2.851919)
      (xy 0.164583 -2.792835) (xy 0.224135 -2.726849) (xy 0.303475 -2.668103) (xy 0.38631 -2.63074)
      (xy 0.399604 -2.627525) (xy 0.47701 -2.597565) (xy 0.52708 -2.54001) (xy 0.553336 -2.446742)
      (xy 0.559301 -2.309646) (xy 0.557838 -2.262875) (xy 0.549039 -2.056305) (xy 0.334523 -1.846597)
      (xy 0.242016 -1.76006) (xy 0.160491 -1.690892) (xy 0.100313 -1.647488) (xy 0.075545 -1.636889)
      (xy 0.02329 -1.659181) (xy -0.040673 -1.715257) (xy -0.101829 -1.788921) (xy -0.145662 -1.863972)
      (xy -0.156246 -1.89555) (xy -0.182544 -1.964516) (xy -0.212037 -2.004085) (xy -0.246126 -2.05138)
      (xy -0.279514 -2.125844) (xy -0.284346 -2.140091) (xy -0.317948 -2.222499) (xy -0.356407 -2.287747)
      (xy -0.361131 -2.29351) (xy -0.389282 -2.348791) (xy -0.41459 -2.436932) (xy -0.426026 -2.500643)
      (xy -0.45651 -2.634255) (xy -0.507342 -2.718978) (xy -0.582645 -2.759983) (xy -0.637326 -2.765778)
      (xy -0.722908 -2.751953) (xy -0.783489 -2.706418) (xy -0.822188 -2.62308) (xy -0.842126 -2.495848)
      (xy -0.846666 -2.357124) (xy -0.844991 -2.229537) (xy -0.838456 -2.145551) (xy -0.824795 -2.092385)
      (xy -0.801745 -2.057255) (xy -0.791822 -2.047559) (xy -0.746242 -1.983759) (xy -0.718429 -1.909129)
      (xy -0.688433 -1.839394) (xy -0.631086 -1.754787) (xy -0.584068 -1.700506) (xy -0.517268 -1.625368)
      (xy -0.496073 -1.576029) (xy -0.523457 -1.541562) (xy -0.602397 -1.511037) (xy -0.638532 -1.500458)
      (xy -0.72207 -1.46132) (xy -0.81207 -1.395652) (xy -0.895162 -1.316465) (xy -0.957972 -1.23677)
      (xy -0.987129 -1.169575) (xy -0.987778 -1.160665) (xy -0.965085 -1.104551) (xy -0.908373 -1.039138)
      (xy -0.834689 -0.979169) (xy -0.761081 -0.939391) (xy -0.722623 -0.931334) (xy -0.659841 -0.946898)
      (xy -0.579113 -0.986073) (xy -0.547216 -1.00617) (xy -0.444067 -1.058734) (xy -0.337517 -1.08432)
      (xy -0.242631 -1.081988) (xy -0.174474 -1.050796) (xy -0.158311 -1.030464) (xy -0.115785 -0.970951)
      (xy -0.045734 -0.889896) (xy 0.041457 -0.797547) (xy 0.135403 -0.704156) (xy 0.225719 -0.619971)
      (xy 0.302019 -0.555244) (xy 0.353918 -0.520224) (xy 0.361539 -0.51739) (xy 0.447208 -0.520011)) (layer B.SilkS) (width 0.01))
    (fp_poly (pts (xy 1.57599 -1.006093) (xy 1.647291 -1.069696) (xy 1.721059 -1.148928) (xy 1.784749 -1.229604)
      (xy 1.82582 -1.297543) (xy 1.834445 -1.328217) (xy 1.852053 -1.389112) (xy 1.895389 -1.460716)
      (xy 1.905 -1.472703) (xy 1.95107 -1.538614) (xy 1.974723 -1.594267) (xy 1.975556 -1.60226)
      (xy 1.990872 -1.652141) (xy 2.029438 -1.724005) (xy 2.049445 -1.754589) (xy 2.090439 -1.821334)
      (xy 2.110827 -1.883755) (xy 2.115402 -1.964115) (xy 2.11171 -2.043786) (xy 2.092012 -2.185088)
      (xy 2.051581 -2.278163) (xy 1.986447 -2.32868) (xy 1.902674 -2.342445) (xy 1.810579 -2.321336)
      (xy 1.753778 -2.270564) (xy 1.706417 -2.19135) (xy 1.67936 -2.117292) (xy 1.653456 -2.046749)
      (xy 1.622407 -2.00347) (xy 1.588318 -1.956176) (xy 1.55493 -1.881712) (xy 1.550098 -1.867465)
      (xy 1.518115 -1.787131) (xy 1.483133 -1.725546) (xy 1.478451 -1.719723) (xy 1.443115 -1.66302)
      (xy 1.409132 -1.584875) (xy 1.406947 -1.578612) (xy 1.368637 -1.490983) (xy 1.322513 -1.415123)
      (xy 1.321928 -1.414361) (xy 1.282335 -1.32626) (xy 1.27 -1.225297) (xy 1.276774 -1.140537)
      (xy 1.306337 -1.083182) (xy 1.367438 -1.02922) (xy 1.456007 -0.977615) (xy 1.519697 -0.972301)
      (xy 1.57599 -1.006093)) (layer B.SilkS) (width 0.01))
    (fp_poly (pts (xy 2.266534 -0.431852) (xy 2.305593 -0.463223) (xy 2.355262 -0.515521) (xy 2.378658 -0.575002)
      (xy 2.384765 -0.665353) (xy 2.384778 -0.671927) (xy 2.367945 -0.801733) (xy 2.317161 -0.886684)
      (xy 2.231998 -0.927335) (xy 2.184897 -0.931334) (xy 2.094536 -0.911088) (xy 2.034049 -0.856972)
      (xy 1.984825 -0.749721) (xy 1.975556 -0.661925) (xy 1.983784 -0.573551) (xy 2.017069 -0.511515)
      (xy 2.062388 -0.468176) (xy 2.140159 -0.412537) (xy 2.201815 -0.40056) (xy 2.266534 -0.431852)) (layer B.SilkS) (width 0.01))
    (fp_poly (pts (xy 2.900714 -0.263428) (xy 2.951144 -0.286205) (xy 3.076222 -0.348672) (xy 3.076222 -0.550632)
      (xy 3.072234 -0.669347) (xy 3.05976 -0.736614) (xy 3.040945 -0.756825) (xy 2.989587 -0.764971)
      (xy 2.916398 -0.778483) (xy 2.860413 -0.783104) (xy 2.809802 -0.766674) (xy 2.747835 -0.721382)
      (xy 2.697202 -0.676145) (xy 2.602329 -0.577949) (xy 2.555018 -0.497724) (xy 2.553042 -0.42685)
      (xy 2.594173 -0.356709) (xy 2.610128 -0.339113) (xy 2.70204 -0.264318) (xy 2.79423 -0.239814)
      (xy 2.900714 -0.263428)) (layer B.SilkS) (width 0.01))
    (fp_poly (pts (xy -2.135785 1.84223) (xy -2.065105 1.788045) (xy -1.980403 1.710796) (xy -1.892071 1.621168)
      (xy -1.810502 1.529845) (xy -1.74609 1.447512) (xy -1.709226 1.384854) (xy -1.705309 1.372536)
      (xy -1.672903 1.288348) (xy -1.621172 1.206807) (xy -1.619124 1.204334) (xy -1.562092 1.095628)
      (xy -1.552222 1.015088) (xy -1.52529 0.88379) (xy -1.479499 0.798531) (xy -1.44841 0.749647)
      (xy -1.428137 0.703751) (xy -1.416815 0.647992) (xy -1.412582 0.569523) (xy -1.413571 0.455494)
      (xy -1.415999 0.360955) (xy -1.425222 0.030467) (xy -1.548381 -0.094943) (xy -1.66025 -0.188192)
      (xy -1.770363 -0.231715) (xy -1.892816 -0.229959) (xy -1.942283 -0.21919) (xy -2.026662 -0.176854)
      (xy -2.090482 -0.108322) (xy -2.116642 -0.032149) (xy -2.116666 -0.029968) (xy -2.097956 0.01073)
      (xy -2.049104 0.075541) (xy -1.986526 0.144299) (xy -1.90972 0.229413) (xy -1.866447 0.300756)
      (xy -1.845389 0.378824) (xy -1.841721 0.406532) (xy -1.838596 0.503404) (xy -1.861207 0.579968)
      (xy -1.89865 0.642264) (xy -1.948414 0.72999) (xy -1.983666 0.81759) (xy -1.988825 0.837661)
      (xy -2.013514 0.910774) (xy -2.046481 0.959863) (xy -2.080629 1.007134) (xy -2.114187 1.081564)
      (xy -2.119079 1.095868) (xy -2.156969 1.17324) (xy -2.220187 1.26592) (xy -2.275745 1.332291)
      (xy -2.345428 1.412884) (xy -2.382708 1.475884) (xy -2.397173 1.541421) (xy -2.398889 1.590838)
      (xy -2.391719 1.679705) (xy -2.362204 1.740579) (xy -2.312057 1.789602) (xy -2.246154 1.83652)
      (xy -2.191379 1.861441) (xy -2.182049 1.862666) (xy -2.135785 1.84223)) (layer B.SilkS) (width 0.01))
    (fp_poly (pts (xy -2.821762 0.697439) (xy -2.76603 0.649347) (xy -2.675646 0.564916) (xy -2.685434 0.299476)
      (xy -2.692719 0.164645) (xy -2.704341 0.073676) (xy -2.722756 0.014017) (xy -2.748985 -0.025316)
      (xy -2.829438 -0.076831) (xy -2.923103 -0.083052) (xy -3.01085 -0.044945) (xy -3.045951 -0.010305)
      (xy -3.07453 0.034395) (xy -3.092145 0.089239) (xy -3.101259 0.16837) (xy -3.104331 0.285931)
      (xy -3.104444 0.325853) (xy -3.103697 0.449162) (xy -3.099073 0.529802) (xy -3.087001 0.581546)
      (xy -3.06391 0.618166) (xy -3.026228 0.653438) (xy -3.017612 0.660713) (xy -2.942438 0.715306)
      (xy -2.883435 0.727832) (xy -2.821762 0.697439)) (layer B.SilkS) (width 0.01))
    (fp_poly (pts (xy -0.865785 1.418897) (xy -0.795105 1.364712) (xy -0.710403 1.287463) (xy -0.622071 1.197835)
      (xy -0.540502 1.106512) (xy -0.47609 1.024179) (xy -0.439226 0.961521) (xy -0.435309 0.949202)
      (xy -0.402903 0.865014) (xy -0.351172 0.783474) (xy -0.349124 0.781001) (xy -0.29677 0.706358)
      (xy -0.287938 0.645977) (xy -0.321861 0.579131) (xy -0.340715 0.554139) (xy -0.385496 0.508646)
      (xy -0.440053 0.486458) (xy -0.525606 0.479893) (xy -0.546102 0.479778) (xy -0.650975 0.488496)
      (xy -0.733647 0.511284) (xy -0.75356 0.522198) (xy -0.802299 0.576958) (xy -0.843485 0.656487)
      (xy -0.848363 0.670365) (xy -0.886715 0.749038) (xy -0.950318 0.842641) (xy -1.005745 0.908957)
      (xy -1.075428 0.98955) (xy -1.112708 1.052551) (xy -1.127173 1.118088) (xy -1.128889 1.167504)
      (xy -1.121719 1.256372) (xy -1.092204 1.317245) (xy -1.042057 1.366269) (xy -0.976154 1.413187)
      (xy -0.921379 1.438107) (xy -0.912049 1.439333) (xy -0.865785 1.418897)) (layer B.SilkS) (width 0.01))
    (fp_poly (pts (xy -2.136828 2.967847) (xy -2.051213 2.903292) (xy -1.99239 2.823171) (xy -1.975555 2.755169)
      (xy -1.957022 2.70896) (xy -1.90817 2.637898) (xy -1.839127 2.556509) (xy -1.830995 2.547824)
      (xy -1.756918 2.467201) (xy -1.714966 2.410472) (xy -1.697559 2.361412) (xy -1.697118 2.303796)
      (xy -1.700657 2.268785) (xy -1.732754 2.142515) (xy -1.795162 2.063728) (xy -1.887765 2.03256)
      (xy -1.904604 2.032) (xy -1.953741 2.038825) (xy -2.005189 2.064185) (xy -2.06924 2.115406)
      (xy -2.156184 2.199812) (xy -2.192054 2.236611) (xy -2.279064 2.332599) (xy -2.351105 2.423213)
      (xy -2.398229 2.495367) (xy -2.41024 2.523661) (xy -2.444002 2.6089) (xy -2.485305 2.675634)
      (xy -2.524508 2.739889) (xy -2.54 2.792526) (xy -2.517976 2.846273) (xy -2.463148 2.910392)
      (xy -2.392381 2.968442) (xy -2.323349 3.00374) (xy -2.232964 3.005207) (xy -2.136828 2.967847)) (layer B.SilkS) (width 0.01))
  )

  (module local:PHS-4AW (layer F.Cu) (tedit 5ECE8CC3) (tstamp 5F0E861F)
    (at 8.1 -17.05 270)
    (path /5ED96E7C)
    (fp_text reference J3 (at 4.5 -4.5 270) (layer F.SilkS)
      (effects (font (size 1 1) (thickness 0.15)))
    )
    (fp_text value GROVE (at 0 3.5 270) (layer F.Fab)
      (effects (font (size 1 1) (thickness 0.15)))
    )
    (fp_line (start -6 7.6) (end 6 7.6) (layer F.Fab) (width 0.15))
    (fp_line (start -6 -1.65) (end 6 -1.65) (layer F.Fab) (width 0.15))
    (fp_line (start -6 -1.65) (end -6 7.6) (layer F.Fab) (width 0.15))
    (fp_line (start 6 -1.65) (end 6 7.6) (layer F.Fab) (width 0.15))
    (fp_line (start -3 -0.25) (end -3 -2.75) (layer F.Fab) (width 0.5))
    (fp_line (start -1 -0.25) (end -1 -2.75) (layer F.Fab) (width 0.5))
    (fp_line (start 1 -0.25) (end 1 -2.75) (layer F.Fab) (width 0.5))
    (fp_line (start 3 -0.25) (end 3 -2.75) (layer F.Fab) (width 0.5))
    (fp_line (start 3 -4) (end 3.5 -5) (layer F.SilkS) (width 0.15))
    (fp_line (start 3.5 -5) (end 2.5 -5) (layer F.SilkS) (width 0.15))
    (fp_line (start 2.5 -5) (end 3 -4) (layer F.SilkS) (width 0.15))
    (fp_line (start 2.9 -4.2) (end 3.1 -4.2) (layer F.SilkS) (width 0.15))
    (fp_line (start 3.1 -4.2) (end 2.9 -4.3) (layer F.SilkS) (width 0.15))
    (fp_line (start 2.9 -4.3) (end 3.1 -4.3) (layer F.SilkS) (width 0.15))
    (fp_line (start 3.1 -4.3) (end 2.8 -4.4) (layer F.SilkS) (width 0.15))
    (fp_line (start 2.8 -4.4) (end 3.2 -4.4) (layer F.SilkS) (width 0.15))
    (fp_line (start 3.2 -4.4) (end 2.8 -4.5) (layer F.SilkS) (width 0.15))
    (fp_line (start 2.8 -4.5) (end 3.2 -4.5) (layer F.SilkS) (width 0.15))
    (fp_line (start 3.2 -4.5) (end 2.7 -4.6) (layer F.SilkS) (width 0.15))
    (fp_line (start 2.7 -4.6) (end 3.3 -4.6) (layer F.SilkS) (width 0.15))
    (fp_line (start 3.3 -4.6) (end 2.7 -4.7) (layer F.SilkS) (width 0.15))
    (fp_line (start 2.7 -4.7) (end 3.3 -4.7) (layer F.SilkS) (width 0.15))
    (fp_line (start 3.3 -4.7) (end 2.6 -4.8) (layer F.SilkS) (width 0.15))
    (fp_line (start 2.6 -4.8) (end 3.4 -4.8) (layer F.SilkS) (width 0.15))
    (fp_line (start 3.4 -4.8) (end 2.6 -4.9) (layer F.SilkS) (width 0.15))
    (fp_line (start 2.6 -4.9) (end 3.4 -4.9) (layer F.SilkS) (width 0.15))
    (pad 1 smd rect (at 3 -1.7 270) (size 1 3.4) (layers F.Cu F.Paste F.Mask)
      (net 8 /TXD))
    (pad 2 smd rect (at 1 -1.7 270) (size 1 3.4) (layers F.Cu F.Paste F.Mask)
      (net 9 /RXD))
    (pad 3 smd rect (at -1 -1.7 270) (size 1 3.4) (layers F.Cu F.Paste F.Mask)
      (net 5 +3V3))
    (pad 4 smd rect (at -3 -1.7 270) (size 1 3.4) (layers F.Cu F.Paste F.Mask)
      (net 1 GND))
    (pad "" smd rect (at -5.3 5.8 270) (size 1.5 3.6) (layers F.Cu F.Paste F.Mask))
    (pad "" smd rect (at 5.3 5.8 270) (size 1.5 3.6) (layers F.Cu F.Paste F.Mask))
  )

  (module local:PHS-4AW (layer F.Cu) (tedit 5ECE8CC3) (tstamp 5F0E8643)
    (at 8.1 -29.75 270)
    (path /5EDC2B88)
    (fp_text reference J4 (at 4.5 -4.5 270) (layer F.SilkS)
      (effects (font (size 1 1) (thickness 0.15)))
    )
    (fp_text value GROVE (at 0 3.5 270) (layer F.Fab)
      (effects (font (size 1 1) (thickness 0.15)))
    )
    (fp_line (start 2.6 -4.9) (end 3.4 -4.9) (layer F.SilkS) (width 0.15))
    (fp_line (start 3.4 -4.8) (end 2.6 -4.9) (layer F.SilkS) (width 0.15))
    (fp_line (start 2.6 -4.8) (end 3.4 -4.8) (layer F.SilkS) (width 0.15))
    (fp_line (start 3.3 -4.7) (end 2.6 -4.8) (layer F.SilkS) (width 0.15))
    (fp_line (start 2.7 -4.7) (end 3.3 -4.7) (layer F.SilkS) (width 0.15))
    (fp_line (start 3.3 -4.6) (end 2.7 -4.7) (layer F.SilkS) (width 0.15))
    (fp_line (start 2.7 -4.6) (end 3.3 -4.6) (layer F.SilkS) (width 0.15))
    (fp_line (start 3.2 -4.5) (end 2.7 -4.6) (layer F.SilkS) (width 0.15))
    (fp_line (start 2.8 -4.5) (end 3.2 -4.5) (layer F.SilkS) (width 0.15))
    (fp_line (start 3.2 -4.4) (end 2.8 -4.5) (layer F.SilkS) (width 0.15))
    (fp_line (start 2.8 -4.4) (end 3.2 -4.4) (layer F.SilkS) (width 0.15))
    (fp_line (start 3.1 -4.3) (end 2.8 -4.4) (layer F.SilkS) (width 0.15))
    (fp_line (start 2.9 -4.3) (end 3.1 -4.3) (layer F.SilkS) (width 0.15))
    (fp_line (start 3.1 -4.2) (end 2.9 -4.3) (layer F.SilkS) (width 0.15))
    (fp_line (start 2.9 -4.2) (end 3.1 -4.2) (layer F.SilkS) (width 0.15))
    (fp_line (start 2.5 -5) (end 3 -4) (layer F.SilkS) (width 0.15))
    (fp_line (start 3.5 -5) (end 2.5 -5) (layer F.SilkS) (width 0.15))
    (fp_line (start 3 -4) (end 3.5 -5) (layer F.SilkS) (width 0.15))
    (fp_line (start 3 -0.25) (end 3 -2.75) (layer F.Fab) (width 0.5))
    (fp_line (start 1 -0.25) (end 1 -2.75) (layer F.Fab) (width 0.5))
    (fp_line (start -1 -0.25) (end -1 -2.75) (layer F.Fab) (width 0.5))
    (fp_line (start -3 -0.25) (end -3 -2.75) (layer F.Fab) (width 0.5))
    (fp_line (start 6 -1.65) (end 6 7.6) (layer F.Fab) (width 0.15))
    (fp_line (start -6 -1.65) (end -6 7.6) (layer F.Fab) (width 0.15))
    (fp_line (start -6 -1.65) (end 6 -1.65) (layer F.Fab) (width 0.15))
    (fp_line (start -6 7.6) (end 6 7.6) (layer F.Fab) (width 0.15))
    (pad "" smd rect (at 5.3 5.8 270) (size 1.5 3.6) (layers F.Cu F.Paste F.Mask))
    (pad "" smd rect (at -5.3 5.8 270) (size 1.5 3.6) (layers F.Cu F.Paste F.Mask))
    (pad 4 smd rect (at -3 -1.7 270) (size 1 3.4) (layers F.Cu F.Paste F.Mask)
      (net 1 GND))
    (pad 3 smd rect (at -1 -1.7 270) (size 1 3.4) (layers F.Cu F.Paste F.Mask)
      (net 5 +3V3))
    (pad 2 smd rect (at 1 -1.7 270) (size 1 3.4) (layers F.Cu F.Paste F.Mask)
      (net 7 /I2C1_SCL))
    (pad 1 smd rect (at 3 -1.7 270) (size 1 3.4) (layers F.Cu F.Paste F.Mask)
      (net 6 /I2C1_SDA))
  )

  (module Capacitor_SMD:C_0603_1608Metric (layer F.Cu) (tedit 5B301BBE) (tstamp 5EE607B2)
    (at 48.3875 -3.55 180)
    (descr "Capacitor SMD 0603 (1608 Metric), square (rectangular) end terminal, IPC_7351 nominal, (Body size source: http://www.tortai-tech.com/upload/download/2011102023233369053.pdf), generated with kicad-footprint-generator")
    (tags capacitor)
    (path /5ED37980)
    (attr smd)
    (fp_text reference C10 (at 0 -1.43 180) (layer F.SilkS)
      (effects (font (size 1 1) (thickness 0.15)))
    )
    (fp_text value 100n (at 0 1.43 180) (layer F.Fab)
      (effects (font (size 1 1) (thickness 0.15)))
    )
    (fp_line (start -0.8 0.4) (end -0.8 -0.4) (layer F.Fab) (width 0.1))
    (fp_line (start -0.8 -0.4) (end 0.8 -0.4) (layer F.Fab) (width 0.1))
    (fp_line (start 0.8 -0.4) (end 0.8 0.4) (layer F.Fab) (width 0.1))
    (fp_line (start 0.8 0.4) (end -0.8 0.4) (layer F.Fab) (width 0.1))
    (fp_line (start -0.162779 -0.51) (end 0.162779 -0.51) (layer F.SilkS) (width 0.12))
    (fp_line (start -0.162779 0.51) (end 0.162779 0.51) (layer F.SilkS) (width 0.12))
    (fp_line (start -1.48 0.73) (end -1.48 -0.73) (layer F.CrtYd) (width 0.05))
    (fp_line (start -1.48 -0.73) (end 1.48 -0.73) (layer F.CrtYd) (width 0.05))
    (fp_line (start 1.48 -0.73) (end 1.48 0.73) (layer F.CrtYd) (width 0.05))
    (fp_line (start 1.48 0.73) (end -1.48 0.73) (layer F.CrtYd) (width 0.05))
    (fp_text user %R (at 0 0 180) (layer F.Fab)
      (effects (font (size 0.4 0.4) (thickness 0.06)))
    )
    (pad 1 smd roundrect (at -0.7875 0 180) (size 0.875 0.95) (layers F.Cu F.Paste F.Mask) (roundrect_rratio 0.25)
      (net 5 +3V3))
    (pad 2 smd roundrect (at 0.7875 0 180) (size 0.875 0.95) (layers F.Cu F.Paste F.Mask) (roundrect_rratio 0.25)
      (net 1 GND))
    (model ${KISYS3DMOD}/Capacitor_SMD.3dshapes/C_0603_1608Metric.wrl
      (at (xyz 0 0 0))
      (scale (xyz 1 1 1))
      (rotate (xyz 0 0 0))
    )
  )

  (module Capacitor_SMD:C_0603_1608Metric (layer F.Cu) (tedit 5B301BBE) (tstamp 5EE607C3)
    (at 13.4 -32.35 90)
    (descr "Capacitor SMD 0603 (1608 Metric), square (rectangular) end terminal, IPC_7351 nominal, (Body size source: http://www.tortai-tech.com/upload/download/2011102023233369053.pdf), generated with kicad-footprint-generator")
    (tags capacitor)
    (path /5ED97033)
    (attr smd)
    (fp_text reference C12 (at 0 -1.43 90) (layer F.SilkS)
      (effects (font (size 1 1) (thickness 0.15)))
    )
    (fp_text value 1u (at 0 1.43 90) (layer F.Fab)
      (effects (font (size 1 1) (thickness 0.15)))
    )
    (fp_text user %R (at 0 0 90) (layer F.Fab)
      (effects (font (size 0.4 0.4) (thickness 0.06)))
    )
    (fp_line (start 1.48 0.73) (end -1.48 0.73) (layer F.CrtYd) (width 0.05))
    (fp_line (start 1.48 -0.73) (end 1.48 0.73) (layer F.CrtYd) (width 0.05))
    (fp_line (start -1.48 -0.73) (end 1.48 -0.73) (layer F.CrtYd) (width 0.05))
    (fp_line (start -1.48 0.73) (end -1.48 -0.73) (layer F.CrtYd) (width 0.05))
    (fp_line (start -0.162779 0.51) (end 0.162779 0.51) (layer F.SilkS) (width 0.12))
    (fp_line (start -0.162779 -0.51) (end 0.162779 -0.51) (layer F.SilkS) (width 0.12))
    (fp_line (start 0.8 0.4) (end -0.8 0.4) (layer F.Fab) (width 0.1))
    (fp_line (start 0.8 -0.4) (end 0.8 0.4) (layer F.Fab) (width 0.1))
    (fp_line (start -0.8 -0.4) (end 0.8 -0.4) (layer F.Fab) (width 0.1))
    (fp_line (start -0.8 0.4) (end -0.8 -0.4) (layer F.Fab) (width 0.1))
    (pad 2 smd roundrect (at 0.7875 0 90) (size 0.875 0.95) (layers F.Cu F.Paste F.Mask) (roundrect_rratio 0.25)
      (net 1 GND))
    (pad 1 smd roundrect (at -0.7875 0 90) (size 0.875 0.95) (layers F.Cu F.Paste F.Mask) (roundrect_rratio 0.25)
      (net 5 +3V3))
    (model ${KISYS3DMOD}/Capacitor_SMD.3dshapes/C_0603_1608Metric.wrl
      (at (xyz 0 0 0))
      (scale (xyz 1 1 1))
      (rotate (xyz 0 0 0))
    )
  )

  (module Capacitor_SMD:C_0603_1608Metric (layer F.Cu) (tedit 5B301BBE) (tstamp 5EE607D4)
    (at 14 -19.5375 90)
    (descr "Capacitor SMD 0603 (1608 Metric), square (rectangular) end terminal, IPC_7351 nominal, (Body size source: http://www.tortai-tech.com/upload/download/2011102023233369053.pdf), generated with kicad-footprint-generator")
    (tags capacitor)
    (path /5EDC2B8F)
    (attr smd)
    (fp_text reference C13 (at 0 -1.43 90) (layer F.SilkS)
      (effects (font (size 1 1) (thickness 0.15)))
    )
    (fp_text value 1u (at 0 1.43 90) (layer F.Fab)
      (effects (font (size 1 1) (thickness 0.15)))
    )
    (fp_line (start -0.8 0.4) (end -0.8 -0.4) (layer F.Fab) (width 0.1))
    (fp_line (start -0.8 -0.4) (end 0.8 -0.4) (layer F.Fab) (width 0.1))
    (fp_line (start 0.8 -0.4) (end 0.8 0.4) (layer F.Fab) (width 0.1))
    (fp_line (start 0.8 0.4) (end -0.8 0.4) (layer F.Fab) (width 0.1))
    (fp_line (start -0.162779 -0.51) (end 0.162779 -0.51) (layer F.SilkS) (width 0.12))
    (fp_line (start -0.162779 0.51) (end 0.162779 0.51) (layer F.SilkS) (width 0.12))
    (fp_line (start -1.48 0.73) (end -1.48 -0.73) (layer F.CrtYd) (width 0.05))
    (fp_line (start -1.48 -0.73) (end 1.48 -0.73) (layer F.CrtYd) (width 0.05))
    (fp_line (start 1.48 -0.73) (end 1.48 0.73) (layer F.CrtYd) (width 0.05))
    (fp_line (start 1.48 0.73) (end -1.48 0.73) (layer F.CrtYd) (width 0.05))
    (fp_text user %R (at 0 0 90) (layer F.Fab)
      (effects (font (size 0.4 0.4) (thickness 0.06)))
    )
    (pad 1 smd roundrect (at -0.7875 0 90) (size 0.875 0.95) (layers F.Cu F.Paste F.Mask) (roundrect_rratio 0.25)
      (net 5 +3V3))
    (pad 2 smd roundrect (at 0.7875 0 90) (size 0.875 0.95) (layers F.Cu F.Paste F.Mask) (roundrect_rratio 0.25)
      (net 1 GND))
    (model ${KISYS3DMOD}/Capacitor_SMD.3dshapes/C_0603_1608Metric.wrl
      (at (xyz 0 0 0))
      (scale (xyz 1 1 1))
      (rotate (xyz 0 0 0))
    )
  )

  (module local:SOFNG-HDMI-519 (layer F.Cu) (tedit 5E76E9A6) (tstamp 5EE607FD)
    (at 34 -5.5)
    (descr https://datasheet.lcsc.com/szlcsc/1810121711_SOFNG-HDMI-519_C136421.pdf)
    (tags "SOFNG HDMI RECEPTACLE")
    (path /5EF209B0)
    (fp_text reference J8 (at -5.4 -4.05) (layer F.SilkS)
      (effects (font (size 1 1) (thickness 0.15)))
    )
    (fp_text value HDMI_A (at 0 -5.2) (layer F.Fab)
      (effects (font (size 1 1) (thickness 0.15)))
    )
    (fp_line (start -5.6 5.7) (end 5.6 5.7) (layer F.CrtYd) (width 0.15))
    (fp_line (start -5.6 0) (end -5.6 5.7) (layer F.CrtYd) (width 0.15))
    (fp_line (start 5.6 0) (end 5.6 5.7) (layer F.CrtYd) (width 0.15))
    (fp_line (start -5.6 -1.9) (end 5.6 -1.9) (layer F.CrtYd) (width 0.15))
    (fp_line (start 5.6 0) (end 5.6 -1.9) (layer F.CrtYd) (width 0.15))
    (fp_line (start -5.6 0) (end -5.6 -1.9) (layer F.CrtYd) (width 0.15))
    (fp_line (start 3.4 -3.5) (end 3.8 -3.5) (layer F.SilkS) (width 0.15))
    (fp_line (start 3.8 -3.5) (end 3.6 -3.1) (layer F.SilkS) (width 0.15))
    (fp_line (start 3.6 -3.1) (end 3.4 -3.5) (layer F.SilkS) (width 0.15))
    (fp_line (start 3.4 -3.5) (end 3.5 -3.4) (layer F.SilkS) (width 0.15))
    (fp_line (start 3.5 -3.4) (end 3.6 -3.4) (layer F.SilkS) (width 0.15))
    (fp_line (start 3.6 -3.4) (end 3.6 -3.3) (layer F.SilkS) (width 0.15))
    (pad 19 smd rect (at -3.6 -2.1) (size 0.22 1.2) (layers F.Cu F.Paste F.Mask))
    (pad 18 smd rect (at -3.2 -2.1) (size 0.22 1.2) (layers F.Cu F.Paste F.Mask)
      (net 18 "Net-(J8-Pad18)"))
    (pad 17 smd rect (at -2.8 -2.1) (size 0.22 1.2) (layers F.Cu F.Paste F.Mask)
      (net 1 GND))
    (pad 16 smd rect (at -2.4 -2.1) (size 0.22 1.2) (layers F.Cu F.Paste F.Mask))
    (pad 15 smd rect (at -2 -2.1) (size 0.22 1.2) (layers F.Cu F.Paste F.Mask))
    (pad 14 smd rect (at -1.6 -2.1) (size 0.22 1.2) (layers F.Cu F.Paste F.Mask))
    (pad 13 smd rect (at -1.2 -2.1) (size 0.22 1.2) (layers F.Cu F.Paste F.Mask))
    (pad 12 smd rect (at -0.8 -2.1) (size 0.22 1.2) (layers F.Cu F.Paste F.Mask)
      (net 19 /HDMI_CK_N))
    (pad 11 smd rect (at -0.4 -2.1) (size 0.22 1.2) (layers F.Cu F.Paste F.Mask)
      (net 1 GND))
    (pad 10 smd rect (at 0 -2.1) (size 0.22 1.2) (layers F.Cu F.Paste F.Mask)
      (net 20 /HDMI_CK_P))
    (pad 9 smd rect (at 0.4 -2.1) (size 0.22 1.2) (layers F.Cu F.Paste F.Mask)
      (net 21 /HDMI_D0_N))
    (pad 8 smd rect (at 0.8 -2.1) (size 0.22 1.2) (layers F.Cu F.Paste F.Mask)
      (net 1 GND))
    (pad 7 smd rect (at 1.2 -2.1) (size 0.22 1.2) (layers F.Cu F.Paste F.Mask)
      (net 22 /HDMI_D0_P))
    (pad 6 smd rect (at 1.6 -2.1) (size 0.22 1.2) (layers F.Cu F.Paste F.Mask)
      (net 23 /HDMI_D1_N))
    (pad 5 smd rect (at 2 -2.1) (size 0.22 1.2) (layers F.Cu F.Paste F.Mask)
      (net 1 GND))
    (pad 4 smd rect (at 2.4 -2.1) (size 0.22 1.2) (layers F.Cu F.Paste F.Mask)
      (net 24 /HDMI_D1_P))
    (pad 3 smd rect (at 2.8 -2.1) (size 0.22 1.2) (layers F.Cu F.Paste F.Mask)
      (net 25 /HDMI_D2_N))
    (pad 2 smd rect (at 3.2 -2.1) (size 0.22 1.2) (layers F.Cu F.Paste F.Mask)
      (net 1 GND))
    (pad 1 smd rect (at 3.6 -2.1) (size 0.22 1.2) (layers F.Cu F.Paste F.Mask)
      (net 26 /HDMI_D2_P))
    (pad "" np_thru_hole circle (at 3.75 0) (size 1 1) (drill 1) (layers *.Cu *.Mask))
    (pad "" np_thru_hole circle (at -3.75 0) (size 1 1) (drill 1) (layers *.Cu *.Mask))
    (pad SH thru_hole oval (at -5.425 -0.8) (size 1.25 2) (drill oval 0.65 1.4) (layers *.Cu *.Mask)
      (net 1 GND))
    (pad SH thru_hole oval (at 5.425 -0.8) (size 1.25 2) (drill oval 0.65 1.4) (layers *.Cu *.Mask)
      (net 1 GND))
    (pad SH thru_hole oval (at -5.425 3.7) (size 1.25 2) (drill oval 0.65 1.4) (layers *.Cu *.Mask)
      (net 1 GND))
    (pad SH thru_hole oval (at 5.425 3.7) (size 1.25 2) (drill oval 0.65 1.4) (layers *.Cu *.Mask)
      (net 1 GND))
  )

  (module Resistor_SMD:R_0603_1608Metric (layer F.Cu) (tedit 5B301BBD) (tstamp 5EE6080E)
    (at 54.2 -32.75 90)
    (descr "Resistor SMD 0603 (1608 Metric), square (rectangular) end terminal, IPC_7351 nominal, (Body size source: http://www.tortai-tech.com/upload/download/2011102023233369053.pdf), generated with kicad-footprint-generator")
    (tags resistor)
    (path /5F06CAB5)
    (attr smd)
    (fp_text reference R1 (at 0 -1.43 90) (layer F.SilkS)
      (effects (font (size 1 1) (thickness 0.15)))
    )
    (fp_text value DNP (at 0 1.43 90) (layer F.Fab)
      (effects (font (size 1 1) (thickness 0.15)))
    )
    (fp_text user %R (at 0 0 90) (layer F.Fab)
      (effects (font (size 0.4 0.4) (thickness 0.06)))
    )
    (fp_line (start 1.48 0.73) (end -1.48 0.73) (layer F.CrtYd) (width 0.05))
    (fp_line (start 1.48 -0.73) (end 1.48 0.73) (layer F.CrtYd) (width 0.05))
    (fp_line (start -1.48 -0.73) (end 1.48 -0.73) (layer F.CrtYd) (width 0.05))
    (fp_line (start -1.48 0.73) (end -1.48 -0.73) (layer F.CrtYd) (width 0.05))
    (fp_line (start -0.162779 0.51) (end 0.162779 0.51) (layer F.SilkS) (width 0.12))
    (fp_line (start -0.162779 -0.51) (end 0.162779 -0.51) (layer F.SilkS) (width 0.12))
    (fp_line (start 0.8 0.4) (end -0.8 0.4) (layer F.Fab) (width 0.1))
    (fp_line (start 0.8 -0.4) (end 0.8 0.4) (layer F.Fab) (width 0.1))
    (fp_line (start -0.8 -0.4) (end 0.8 -0.4) (layer F.Fab) (width 0.1))
    (fp_line (start -0.8 0.4) (end -0.8 -0.4) (layer F.Fab) (width 0.1))
    (pad 2 smd roundrect (at 0.7875 0 90) (size 0.875 0.95) (layers F.Cu F.Paste F.Mask) (roundrect_rratio 0.25)
      (net 3 /SDA))
    (pad 1 smd roundrect (at -0.7875 0 90) (size 0.875 0.95) (layers F.Cu F.Paste F.Mask) (roundrect_rratio 0.25)
      (net 27 /IOB16A))
    (model ${KISYS3DMOD}/Resistor_SMD.3dshapes/R_0603_1608Metric.wrl
      (at (xyz 0 0 0))
      (scale (xyz 1 1 1))
      (rotate (xyz 0 0 0))
    )
  )

  (module Resistor_SMD:R_0603_1608Metric (layer F.Cu) (tedit 5B301BBD) (tstamp 5EE6081F)
    (at 49.1 -32.75 270)
    (descr "Resistor SMD 0603 (1608 Metric), square (rectangular) end terminal, IPC_7351 nominal, (Body size source: http://www.tortai-tech.com/upload/download/2011102023233369053.pdf), generated with kicad-footprint-generator")
    (tags resistor)
    (path /5F06CABC)
    (attr smd)
    (fp_text reference R2 (at 0 -1.43 270) (layer F.SilkS)
      (effects (font (size 1 1) (thickness 0.15)))
    )
    (fp_text value DNP (at 0 1.43 270) (layer F.Fab)
      (effects (font (size 1 1) (thickness 0.15)))
    )
    (fp_line (start -0.8 0.4) (end -0.8 -0.4) (layer F.Fab) (width 0.1))
    (fp_line (start -0.8 -0.4) (end 0.8 -0.4) (layer F.Fab) (width 0.1))
    (fp_line (start 0.8 -0.4) (end 0.8 0.4) (layer F.Fab) (width 0.1))
    (fp_line (start 0.8 0.4) (end -0.8 0.4) (layer F.Fab) (width 0.1))
    (fp_line (start -0.162779 -0.51) (end 0.162779 -0.51) (layer F.SilkS) (width 0.12))
    (fp_line (start -0.162779 0.51) (end 0.162779 0.51) (layer F.SilkS) (width 0.12))
    (fp_line (start -1.48 0.73) (end -1.48 -0.73) (layer F.CrtYd) (width 0.05))
    (fp_line (start -1.48 -0.73) (end 1.48 -0.73) (layer F.CrtYd) (width 0.05))
    (fp_line (start 1.48 -0.73) (end 1.48 0.73) (layer F.CrtYd) (width 0.05))
    (fp_line (start 1.48 0.73) (end -1.48 0.73) (layer F.CrtYd) (width 0.05))
    (fp_text user %R (at 0 0 270) (layer F.Fab)
      (effects (font (size 0.4 0.4) (thickness 0.06)))
    )
    (pad 1 smd roundrect (at -0.7875 0 270) (size 0.875 0.95) (layers F.Cu F.Paste F.Mask) (roundrect_rratio 0.25)
      (net 28 /IOB16B))
    (pad 2 smd roundrect (at 0.7875 0 270) (size 0.875 0.95) (layers F.Cu F.Paste F.Mask) (roundrect_rratio 0.25)
      (net 4 /SCL))
    (model ${KISYS3DMOD}/Resistor_SMD.3dshapes/R_0603_1608Metric.wrl
      (at (xyz 0 0 0))
      (scale (xyz 1 1 1))
      (rotate (xyz 0 0 0))
    )
  )

  (module Resistor_SMD:R_0603_1608Metric (layer F.Cu) (tedit 5B301BBD) (tstamp 5EE60830)
    (at 46.5 -19.85 90)
    (descr "Resistor SMD 0603 (1608 Metric), square (rectangular) end terminal, IPC_7351 nominal, (Body size source: http://www.tortai-tech.com/upload/download/2011102023233369053.pdf), generated with kicad-footprint-generator")
    (tags resistor)
    (path /5F0014AE)
    (attr smd)
    (fp_text reference R3 (at 0 -1.43 90) (layer F.SilkS)
      (effects (font (size 1 1) (thickness 0.15)))
    )
    (fp_text value DNP (at 0 1.43 90) (layer F.Fab)
      (effects (font (size 1 1) (thickness 0.15)))
    )
    (fp_text user %R (at 0 0 90) (layer F.Fab)
      (effects (font (size 0.4 0.4) (thickness 0.06)))
    )
    (fp_line (start 1.48 0.73) (end -1.48 0.73) (layer F.CrtYd) (width 0.05))
    (fp_line (start 1.48 -0.73) (end 1.48 0.73) (layer F.CrtYd) (width 0.05))
    (fp_line (start -1.48 -0.73) (end 1.48 -0.73) (layer F.CrtYd) (width 0.05))
    (fp_line (start -1.48 0.73) (end -1.48 -0.73) (layer F.CrtYd) (width 0.05))
    (fp_line (start -0.162779 0.51) (end 0.162779 0.51) (layer F.SilkS) (width 0.12))
    (fp_line (start -0.162779 -0.51) (end 0.162779 -0.51) (layer F.SilkS) (width 0.12))
    (fp_line (start 0.8 0.4) (end -0.8 0.4) (layer F.Fab) (width 0.1))
    (fp_line (start 0.8 -0.4) (end 0.8 0.4) (layer F.Fab) (width 0.1))
    (fp_line (start -0.8 -0.4) (end 0.8 -0.4) (layer F.Fab) (width 0.1))
    (fp_line (start -0.8 0.4) (end -0.8 -0.4) (layer F.Fab) (width 0.1))
    (pad 2 smd roundrect (at 0.7875 0 90) (size 0.875 0.95) (layers F.Cu F.Paste F.Mask) (roundrect_rratio 0.25)
      (net 8 /TXD))
    (pad 1 smd roundrect (at -0.7875 0 90) (size 0.875 0.95) (layers F.Cu F.Paste F.Mask) (roundrect_rratio 0.25)
      (net 29 /CH552_TX0))
    (model ${KISYS3DMOD}/Resistor_SMD.3dshapes/R_0603_1608Metric.wrl
      (at (xyz 0 0 0))
      (scale (xyz 1 1 1))
      (rotate (xyz 0 0 0))
    )
  )

  (module Resistor_SMD:R_0603_1608Metric (layer F.Cu) (tedit 5B301BBD) (tstamp 5EE60841)
    (at 44.1 -19.95 90)
    (descr "Resistor SMD 0603 (1608 Metric), square (rectangular) end terminal, IPC_7351 nominal, (Body size source: http://www.tortai-tech.com/upload/download/2011102023233369053.pdf), generated with kicad-footprint-generator")
    (tags resistor)
    (path /5F001A9E)
    (attr smd)
    (fp_text reference R4 (at 0 -1.43 90) (layer F.SilkS)
      (effects (font (size 1 1) (thickness 0.15)))
    )
    (fp_text value DNP (at 0 1.43 90) (layer F.Fab)
      (effects (font (size 1 1) (thickness 0.15)))
    )
    (fp_line (start -0.8 0.4) (end -0.8 -0.4) (layer F.Fab) (width 0.1))
    (fp_line (start -0.8 -0.4) (end 0.8 -0.4) (layer F.Fab) (width 0.1))
    (fp_line (start 0.8 -0.4) (end 0.8 0.4) (layer F.Fab) (width 0.1))
    (fp_line (start 0.8 0.4) (end -0.8 0.4) (layer F.Fab) (width 0.1))
    (fp_line (start -0.162779 -0.51) (end 0.162779 -0.51) (layer F.SilkS) (width 0.12))
    (fp_line (start -0.162779 0.51) (end 0.162779 0.51) (layer F.SilkS) (width 0.12))
    (fp_line (start -1.48 0.73) (end -1.48 -0.73) (layer F.CrtYd) (width 0.05))
    (fp_line (start -1.48 -0.73) (end 1.48 -0.73) (layer F.CrtYd) (width 0.05))
    (fp_line (start 1.48 -0.73) (end 1.48 0.73) (layer F.CrtYd) (width 0.05))
    (fp_line (start 1.48 0.73) (end -1.48 0.73) (layer F.CrtYd) (width 0.05))
    (fp_text user %R (at 0 0 90) (layer F.Fab)
      (effects (font (size 0.4 0.4) (thickness 0.06)))
    )
    (pad 1 smd roundrect (at -0.7875 0 90) (size 0.875 0.95) (layers F.Cu F.Paste F.Mask) (roundrect_rratio 0.25)
      (net 30 /CH552_RX0))
    (pad 2 smd roundrect (at 0.7875 0 90) (size 0.875 0.95) (layers F.Cu F.Paste F.Mask) (roundrect_rratio 0.25)
      (net 9 /RXD))
    (model ${KISYS3DMOD}/Resistor_SMD.3dshapes/R_0603_1608Metric.wrl
      (at (xyz 0 0 0))
      (scale (xyz 1 1 1))
      (rotate (xyz 0 0 0))
    )
  )

  (module Resistor_SMD:R_0402_1005Metric (layer F.Cu) (tedit 5B301BBD) (tstamp 5EE60850)
    (at 30.71 -13.45 90)
    (descr "Resistor SMD 0402 (1005 Metric), square (rectangular) end terminal, IPC_7351 nominal, (Body size source: http://www.tortai-tech.com/upload/download/2011102023233369053.pdf), generated with kicad-footprint-generator")
    (tags resistor)
    (path /5EF209C8)
    (attr smd)
    (fp_text reference R5 (at 2 0 90) (layer F.SilkS)
      (effects (font (size 1 1) (thickness 0.15)))
    )
    (fp_text value 240 (at 0 1.17 90) (layer F.Fab)
      (effects (font (size 1 1) (thickness 0.15)))
    )
